       1       1    2225
       2       1    8482
       1       2    7718
       0       3   -6810
       3       1    5600
       2       2   28296
       1       3    4600
       4       1    6680
       3       2   27405
       2       3   26330
       1       4    -750
       5       1    5760
       4       2   29268
       3       3   31994
       2       4   26924
       1       5     900
       6       1    6580
       5       2   28834
       4       3   39244
       3       4   37600
       2       5   24717
       6       2   31408
       5       3   41277
       4       4   56499
       3       5   37737
       2       6   24782
       7       2   30141
       6       3   45341
       5       4   58165
       4       5   56314
       3       6   39037
       8       2   30340
       7       3   45316
       6       4   64977
       5       5   64751
       4       6   60320
       3       7   36400
       8       3   45640
       7       4   65481
       6       5   76205
       5       6   73440
       4       7   59004
       9       3   44400
       8       4   68650
       7       5   79575
       6       6   92162
       5       7   74041
       4       8   58549
       9       4   68549
       8       5   84453
       7       6   97108
       6       7   94105
       5       8   75556
      10       4   69916
       9       5   85422
       8       6  105284
       7       7  104659
       6       8   98732
       5       9   73304
      11       4   68100
      10       5   88185
       9       6  106503
       8       7  115492
       7       8  111955
       6       9   97260
      12       4   68320
      11       5   88144
      10       6  110753
       9       7  117981
       8       8  127619
       7       9  111419
       6      10   97322
      12       5   89522
      11       6  111479
      10       7  123865
       9       8  131762
       8       9  128220
       7      10  112928
      13       5   89100
      12       6  115663
      11       7  126693
      10       8  139807
       9       9  137369
       8      10  132143
       7      11  112487
      14       5   90079
      13       6  116242
      12       7  132016
      11       8  143761
      10       9  147801
       9      10  143780
       8      11  131822
       7      12  110922
      14       6  119180
      13       7  134184
      12       8  151370
      11       9  154403
      10      10  160645
       9      11  145972
       8      12  134468
      15       6  118839
      14       7  138768
      13       8  155175
      12       9  162504
      11      10  167406
      10      11  163076
       9      12  149199
       8      13  133203
      16       6  119680
      15       7  140052
      14       8  162026
      13       9  167735
      12      10  177770
      11      11  174146
      10      12  168578
       9      13  149226
       8      14  134442
      16       7  141772
      15       8  164772
      14       9  175260
      13      10  182971
      12      11  186564
      11      12  181726
      10      13  168700
       9      14  150926
      17       7  140688
      16       8  168384
      15       9  179112
      14      10  191840
      13      11  193524
      12      12  198257
      11      13  183598
      10      14  172003
       9      15  149976
      18       7  139800
      17       8  168075
      16       9  183475
      15      10  196068
      14      11  202535
      13      12  205588
      12      13  200529
      11      14  187005
      10      15  171175
      18       8  167882
      17       9  184548
      16      10  201601
      15      11  208111
      14      12  216681
      13      13  211894
      12      14  206046
      11      15  187148
      10      16  171366
      19       8  166725
      18       9  185949
      17      10  203040
      16      11  214837
      15      12  223124
      14      13  224952
      13      14  219357
      12      15  206906
      11      16  187866
      20       8  165900
      19       9  185724
      18      10  206920
      17      11  218380
      16      12  231627
      15      13  232677
      14      14  236537
      13      15  221420
      12      16  209412
      11      17  186144
      20       9  186731
      19      10  208191
      18      11  222798
      17      12  235300
      16      13  242113
      15      14  245010
      14      15  239286
      13      16  224709
      12      17  207611
      21       9  186180
      20      10  211200
      19      11  225174
      18      12  241662
      17      13  247842
      16      14  255620
      15      15  250605
      14      16  243685
      13      17  224400
      12      18  207960
      22       9  186868
      21      10  211544
      20      11  228935
      19      12  244041
      18      13  254994
      17      14  262207
      16      15  262917
      15      16  256738
      14      17  243979
      13      18  224843
      22      10  213184
      21      11  230624
      20      12  249850
      19      13  259174
      18      14  271410
      17      15  270852
      16      16  271780
      15      17  258312
      14      18  246400
      13      19  223008
      23      10  212520
      22      11  232848
      21      12  252071
      20      13  264713
      19      14  275893
      18      15  280956
      17      16  280422
      16      17  274057
      15      18  261655
      14      19  244728
      24      10  213486
      23      11  233070
      22      12  256224
      21      13  267172
      20      14  283427
      19      15  287247
      18      16  291839
      17      17  285565
      16      18  278720
      15      19  261052
      14      20  245616
      24      11  234325
      23      12  256970
      22      13  272440
      21      14  285905
      20      15  295619
      19      16  298825
      18      17  298210
      17      18  291461
      16      19  278800
      15      20  262255
      25      11  234000
      24      12  259740
      23      13  274608
      22      14  292104
      21      15  299084
      20      16  308714
      19      17  306789
      18      18  306717
      17      19  293129
      16      20  281362
      15      21  260244
      26      11  234765
      25      12  259999
      24      13  278536
      23      14  294261
      22      15  305898
      21      16  313018
      20      17  317100
      19      18  315504
      18      19  308574
      17      20  296155
      16      21  279350
      26      12  262314
      25      13  280478
      24      14  299820
      23      15  309734
      22      16  321054
      21      17  323208
      20      18  327342
      19      19  320646
      18      20  313122
      17      21  295222
      16      22  280402
      27      12  261807
      26      13  283140
      25      14  301899
      24      15  315920
      23      16  325428
      22      17  331282
      21      18  333941
      20      19  333724
      19      20  326409
      18      21  312519
      17      22  296088
      28      12  263240
      27      13  283400
      26      14  306440
      25      15  319240
      24      16  333200
      23      17  337112
      22      18  343810
      21      19  341523
      20      20  342052
      19      21  326947
      18      22  314480
      17      23  294520
      28      13  285032
      27      14  306270
      26      15  324474
      25      16  337426
      24      17  344933
      23      18  349909
      22      19  351619
      21      20  350415
      20      21  343137
      19      22  329394
      18      23  313117
      29      13  285138
      28      14  309624
      27      15  326340
      26      16  344156
      25      17  350616
      24      18  359336
      23      19  359152
      22      20  361895
      21      21  354687
      20      22  346905
      19      23  329154
      18      24  314244
      29      14  309428
      28      15  329552
      27      16  346494
      26      17  357932
      25      18  364994
      24      19  368795
      23      20  369828
      22      21  366825
      21      22  359176
      20      23  347096
      19      24  330412
      30      14  311344
      29      15  331320
      28      16  351736
      27      17  362067
      26      18  373729
      25      19  376081
      24      20  380959
      23      21  376525
      22      22  375475
      21      23  361262
      20      24  349844
      19      25  329164
      30      15  333585
      29      16  354150
      28      17  368271
      27      18  378898
      26      19  384953
      25      20  388374
      24      21  387848
      23      22  385003
      22      23  377096
      21      24  363420
      20      25  348750
      19      26  329310
      31      15  334052
      30      16  358064
      29      17  372692
      28      18  386920
      27      19  391833
      26      20  398769
      25      21  396608
      24      22  398192
      23      23  390360
      22      24  381979
      21      25  364090
      20      26  350198
      31      16  358845
      30      17  376564
      29      18  391176
      28      19  400183
      27      20  406045
      26      21  407255
      25      22  407073
      24      23  403360
      23      24  395134
      22      25  382063
      21      26  365613
      20      27  347518
      32      16  361728
      31      17  378816
      30      18  397056
      29      19  404683
      28      20  415991
      27      21  415490
      26      22  418699
      25      23  413904
      24      24  411466
      23      25  397186
      22      26  385248
      21      27  364656
      20      28  347136
      33      16  360983
      32      17  381906
      31      18  399546
      30      19  410948
      29      20  421137
      28      21  425617
      27      22  426842
      26      23  425457
      25      24  422049
      24      25  413550
      23      26  399742
      22      27  383964
      21      28  364609
      33      17  382950
      32      18  404000
      31      19  414050
      30      20  427490
      29      21  431675
      28      22  437781
      27      23  434793
      26      24  435049
      25      25  426634
      24      26  417700
      23      27  399650
      22      28  385450
      34      17  384846
      33      18  405348
      32      19  418761
      31      20  431853
      30      21  438427
      29      22  444153
      28      23  445845
      27      24  444310
      26      25  440320
      25      26  431519
      24      27  417792
      23      28  401166
      34      18  408616
      33      19  421044
      32      20  436592
      31      21  443612
      30      22  451962
      29      23  453156
      28      24  456349
      27      25  450855
      26      26  447699
      25      27  432484
      24      28  420472
      23      29  399672
      35      18  409107
      34      19  424901
      33      20  440006
      32      21  448963
      31      22  457395
      30      23  461635
      29      24  464288
      28      25  462909
      27      26  458384
      26      27  449302
      25      28  435236
      24      29  418541
      35      19  426384
      34      20  444096
      33      21  453654
      32      22  464233
      31      23  467748
      30      24  474007
      29      25  471848
      28      26  471763
      27      27  462737
      26      28  453157
      25      29  434862
      24      30  418932
      36      19  429330
      35      20  446380
      34      21  457050
      33      22  468380
      32      23  475079
      31      24  480254
      30      25  482074
      29      26  481061
      28      27  476827
      27      28  467352
      26      29  452870
      25      30  435380
      36      20  449792
      35      21  460824
      34      22  473704
      33      23  480088
      32      24  488499
      31      25  489345
      30      26  492258
      29      27  486910
      28      28  483992
      27      29  467880
      26      30  454272
      25      31  432488
      37      20  451554
      36      21  464322
      35      22  476406
      34      23  486267
      33      24  493813
      32      25  497993
      31      26  499904
      30      27  498286
      29      28  494241
      28      29  484686
      27      30  469395
      26      31  451725
      37      21  466900
      36      22  481690
      35      23  490332
      34      24  501178
      33      25  504484
      32      26  509949
      31      27  506859
      30      28  506458
      29      29  497110
      28      30  486962
      27      31  467886
      26      32  451472
      38      21  469817
      37      22  484213
      36      23  495305
      35      24  505335
      34      25  512126
      33      26  516530
      32      27  517313
      31      28  515458
      30      29  509877
      29      30  499996
      28      31  486101
      27      32  468165
      39      21  471840
      38      22  488700
      37      23  498840
      36      24  511980
      35      25  517896
      34      26  525350
      33      27  524805
      32      28  526845
      31      29  519935
      30      30  514996
      29      31  500040
      28      32  487020
      27      33  464880
      39      22  490806
      38      23  503738
      37      24  515755
      36      25  524356
      35      26  530932
      34      27  534125
      33      28  534666
      32      29  531646
      31      30  525225
      30      31  515188
      29      32  501054
      28      33  484584
      40      22  494884
      39      23  506850
      38      24  522040
      37      25  528922
      36      26  538982
      35      27  540727
      34      28  545262
      33      29  540532
      32      30  538123
      31      31  528172
      30      32  517638
      29      33  499596
      41      22  496503
      40      23  511434
      39      24  525231
      38      25  535311
      37      26  543696
      36      27  549209
      35      28  552100
      34      29  551384
      33      30  547236
      32      31  540787
      31      32  530397
      30      33  516474
      41      23  513984
      40      24  530944
      39      25  539648
      38      26  550976
      37      27  555232
      36      28  561758
      35      29  559300
      34      30  559097
      33      31  551146
      32      32  545882
      31      33  530240
      42      23  517920
      41      24  533650
      40      25  545740
      39      26  555165
      38      27  562682
      37      28  567856
      36      29  569211
      35      30  567077
      34      31  563040
      33      32  556017
      32      33  545805
      31      34  530985
      42      24  538758
      41      25  549384
      40      26  561924
      39      27  567666
      38      28  576808
      37      29  576277
      36      30  578136
      35      31  572178
      34      32  569296
      33      33  558360
      32      34  547800
      43      24  541025
      42      25  554626
      41      26  566150
      40      27  574726
      39      28  582615
      38      29  585409
      37      30  585188
      36      31  583405
      35      32  578401
      34      33  571611
      33      34  560656
      32      35  546184
      43      25  557872
      42      26  571608
      41      27  579088
      40      28  590408
      39      29  591729
      38      30  595386
      37      31  591683
      36      32  590794
      35      33  581930
      34      34  576463
      33      35  560116
      44      25  562695
      43      26  574977
      42      27  585810
      41      28  594994
      40      29  599969
      39      30  601868
      38      31  601996
      37      32  598986
      36      33  594194
      35      34  586624
      34      35  576012
      33      36  561177
      44      26  580580
      43      27  589540
      42      28  602210
      41      29  605280
      40      30  611086
      39      31  609650
      38      32  610520
      37      33  603519
      36      34  600439
      35      35  589050
      34      36  578480
      45      26  583691
      44      27  595832
      43      28  606340
      42      29  613087
      41      30  616920
      40      31  618951
      39      32  617936
      38      33  615140
      37      34  609578
      36      35  602719
      35      36  591856
      34      37  576449
      46      26  589104
      45      27  599328
      44      28  613152
      43      29  618230
      42      30  625796
      41      31  625471
      40      32  628686
      39      33  623547
      38      34  622429
      37      35  612770
      36      36  606911
      35      37  590328
      46      27  605097
      45      28  617142
      44      29  625505
      43      30  631143
      42      31  634653
      41      32  635469
      40      33  634345
      39      34  630824
      38      35  625449
      37      36  617593
      36      37  606338
      35      38  591154
      47      27  608428
      46      28  623746
      45      29  630595
      44      30  639515
      43      31  641075
      42      32  645665
      41      33  642320
      40      34  642890
      39      35  635201
      38      36  631445
      37      37  620248
      36      38  608280
      48      27  613725
      47      28  627375
      46      29  636750
      45      30  644348
      44      31  649561
      43      32  652170
      42      33  652564
      41      34  650918
      40      35  647106
      39      36  641508
      38      37  633624
      37      38  622245
      48      28  633156
      47      29  641708
      46      30  652088
      45      31  655464
      44      32  661598
      43      33  659892
      42      34  662072
      41      35  656327
      40      36  654270
      39      37  644953
      38      38  637936
      37      39  621604
      49      28  636328
      48      29  647416
      47      30  656741
      46      31  663231
      45      32  667670
      44      33  669591
      43      34  669491
      42      35  667344
      41      36  663496
      40      37  657369
      39      38  649567
      38      39  637868
      50      28  641940
      49      29  651612
      48      30  663437
      47      31  669017
      46      32  676389
      45      33  676563
      44      34  679989
      43      35  675633
      42      36  675578
      41      37  667552
      40      38  663008
      39      39  651612
      38      40  639990
      50      29  657280
      49      30  667550
      48      31  675892
      47      32  682086
      46      33  685453
      45      34  686952
      44      35  686320
      43      36  683912
      42      37  679491
      41      38  673382
      40      39  665496
      39      40  653725
      51      29  659440
      50      30  674080
      49      31  680584
      48      32  690184
      47      33  692047
      46      34  696866
      45      35  694213
      44      36  695433
      43      37  688931
      42      38  686285
      41      39  676408
      40      40  669920
      51      30  676431
      50      31  687504
      49      32  695045
      48      33  700493
      47      34  703566
      46      35  704369
      45      36  703306
      44      37  700285
      43      38  695575
      42      39  689286
      41      40  680975
      40      41  669141
      52      30  680846
      51      31  690686
      50      32  702437
      49      33  706356
      48      34  712842
      47      35  711962
      46      36  714273
      45      37  709089
      44      38  708127
      43      39  699526
      42      40  694786
      41      41  682732
      53      30  682758
      52      31  695042
      51      32  705749
      50      33  713983
      49      34  718660
      48      35  721546
      47      36  721736
      46      37  720047
      45      38  716986
      44      39  711733
      43      40  705085
      42      41  696785
      41      42  684833
      53      31  697872
      52      32  711228
      51      33  718284
      50      34  727343
      49      35  728408
      48      36  732257
      47      37  728794
      46      38  728905
      45      39  721636
      44      40  718200
      43      41  707784
      42      42  700896
      54      31  701845
      53      32  714085
      52      33  723605
      51      34  731893
      50      35  737290
      49      36  739378
      48      37  739282
      47      38  737435
      46      39  733393
      45      40  727915
      44      41  721132
      43      42  712300
      42      43  700060
      55      31  704254
      54      32  718960
      53      33  727474
      52      34  738074
      51      35  742391
      50      36  749234
      49      37  747933
      48      38  748928
      47      39  742905
      46      40  740641
      45      41  731886
      44      42  725840
      43      43  713714
      55      32  721404
      54      33  732366
      53      34  742188
      52      35  748679
      51      36  754750
      50      37  757856
      49      38  757356
      48      39  754712
      47      40  750259
      46      41  744311
      45      42  737038
      44      43  727668
      43      44  715140
      56      32  725384
      55      33  735768
      54      34  747551
      53      35  753623
      52      36  761804
      51      37  763938
      50      38  768468
      49      39  764064
      48      40  762605
      47      41  754274
      46      42  750117
      45      43  739376
      44      44  731544
      57      32  727041
      56      33  739679
      55      34  750982
      54      35  759535
      53      36  766913
      52      37  771113
      51      38  774827
      50      39  775537
      49      40  771922
      48      41  766922
      47      42  760493
      46      43  752584
      45      44  743417
      44      45  730779
      57      33  742050
      56      34  755730
      55      35  763659
      54      36  773224
      53      37  776833
      52      38  782631
      51      39  782394
      50      40  783892
      49      41  776999
      48      42  773727
      47      43  763983
      46      44  757260
      45      45  744390
      58      33  745563
      57      34  758212
      56      35  768613
      55      36  777631
      54      37  783288
      53      38  788406
      52      39  790323
      51      40  791086
      50      41  789046
      49      42  783836
      48      43  776831
      47      44  768768
      46      45  758394
      45      46  745927
      59      33  747684
      58      34  762588
      57      35  771760
      56      36  783182
      55      37  788387
      54      38  795700
      53      39  796863
      52      40  799721
      51      41  796933
      50      42  796507
      49      43  787855
      48      44  782552
      47      45  770684
      46      46  762036
      59      34  764739
      58      35  776271
      57      36  786482
      56      37  794303
      55      38  800988
      54      39  804344
      53      40  806456
      52      41  805765
      51      42  804577
      50      43  800594
      49      44  793476
      48      45  784641
      47      46  774318
      46      47  760647
      60      34  768920
      59      35  779166
      58      36  791668
      57      37  798310
      56      38  807815
      55      39  810540
      54      40  814677
      53      41  812992
      52      42  814255
      51      43  809217
      50      44  806848
      49      45  796462
      48      46  789036
      47      47  775218
      60      35  783275
      59      36  794675
      58      37  803682
      57      38  812163
      56      39  817470
      55      40  821139
      54      41  821481
      53      42  821624
      52      43  819151
      51      44  815802
      50      45  809913
      49      46  800945
      48      47  790115
      47      48  775960
      61      35  786048
      60      36  799680
      59      37  807120
      58      38  818056
      57      39  822682
      56      40  828995
      55      41  828374
      54      42  830778
      53      43  827023
      52      44  826496
      51      45  819321
      50      46  815088
      49      47  802656
      48      48  793440
      62      35  790162
      61      36  802675
      60      37  812327
      59      38  821977
      58      39  828664
      57      40  834571
      56      41  836447
      55      42  837600
      54      43  836497
      53      44  834606
      52      45  830301
      51      46  824694
      50      47  816934
      49      48  805973
      48      49  791617
      62      36  807618
      61      37  816262
      60      38  827906
      59      39  832945
      58      40  840982
      57      41  842441
      56      42  846242
      55      43  843776
      54      44  844790
      53      45  838958
      52      46  836301
      51      47  827277
      50      48  821064
      49      49  806540
      63      36  810414
      62      37  820997
      61      38  831521
      60      39  838750
      59      40  845535
      58      41  849311
      57      42  852168
      56      43  852743
      55      44  852254
      54      45  849429
      53      46  845260
      52      47  839045
      51      48  831402
      50      49  821997
      49      50  807147
      64      36  815200
      63      37  824900
      62      38  837620
      61      39  843910
      60      40  852440
      59      41  854995
      58      42  860457
      57      43  859507
      56      44  861927
      55      45  857510
      54      46  856370
      53      47  848510
      52      48  843830
      51      49  832970
      50      50  824800
      64      37  829856
      63      38  840886
      62      39  849602
      61      40  857369
      60      41  862069
      59      42  865856
      58      43  867898
      57      44  868729
      56      45  867405
      55      46  864643
      54      47  859662
      53      48  853400
      52      49  845471
      51      50  835674
      65      37  832626
      64      38  846620
      63      39  854658
      62      40  863726
      61      41  867541
      60      42  873974
      59      43  874199
      58      44  877949
      57      45  874844
      56      46  875212
      55      47  868769
      54      48  865400
      53      49  855647
      52      50  849089
      65      38  849132
      64      39  859741
      63      40  868424
      62      41  874583
      61      42  879332
      60      43  882302
      59      44  884181
      58      45  884162
      57      46  882837
      56      47  879367
      55      48  874442
      54      49  867610
      53      50  859226
      52      51  847587
      66      38  854048
      65      39  863824
      64      40  874432
      63      41  879570
      62      42  886891
      61      43  888264
      60      44  893082
      59      45  891161
      58      46  892819
      57      47  887759
      56      48  885839
      55      49  877188
      54      50  871894
      53      51  858728
      67      38  856380
      66      39  868350
      65      40  878535
      64      41  886263
      63      42  891965
      62      43  896133
      61      44  898993
      60      45  900128
      59      46  899913
      58      47  897786
      57      48  894266
      56      49  888634
      55      50  881633
      54      51  871406
      53      52  859320
      67      39  871850
      66      40  883934
      65      41  890612
      64      42  898956
      63      43  901694
      62      44  907459
      61      45  906716
      60      46  909474
      59      47  905727
      58      48  905139
      57      49  897831
      56      50  893866
      55      51  882026
      54      52  873090
      68      39  875795
      67      40  887565
      66      41  896446
      65      42  903711
      64      43  909093
      63      44  913127
      62      45  915289
      61      46  916011
      60      47  915262
      59      48  913063
      58      49  908856
      57      50  903091
      56      51  894413
      55      52  883499
      69      39  878904
      68      40  892620
      67      41  900288
      66      42  910116
      65      43  914015
      64      44  920948
      63      45  921521
      62      46  925238
      61      47  922534
      60      48  923402
      59      49  917483
      58      50  914626
      57      51  904284
      56      52  896746
      55      53  882900
      69      40  895762
      68      41  905790
      67      42  914183
      66      43  920669
      65      44  926206
      64      45  929578
      63      46  931392
      62      47  931726
      61      48  930729
      60      49  927927
      59      50  923295
      58      51  916133
      57      52  906706
      56      53  895926
      70      40  900460
      69      41  909370
      68      42  920480
      67      43  925166
      66      44  933405
      65      45  935418
      64      46  940206
      63      47  938535
      62      48  940645
      61      49  935985
      60      50  934571
      59      51  925540
      58      52  919435
      57      53  906730
      56      54  897501
      70      41  914418
      69      42  924186
      68      43  931490
      67      44  938161
      66      45  943068
      65      46  945932
      64      47  947367
      63      48  947621
      62      49  945976
      61      50  942744
      60      51  936904
      59      52  928715
      58      53  919413
      57      54  908091
      71      41  917728
      70      42  929936
      69      43  936342
      68      44  945045
      67      45  948528
      66      46  954336
      65      47  953841
      64      48  957015
      63      49  953649
      62      50  953531
      61      51  945689
      60      52  940610
      59      53  929600
      58      54  921704
      57      55  907200
      72      41  922193
      71      42  933380
      70      43  942194
      69      44  949833
      68      45  955539
      67      46  959766
      66      47  962322
      65      48  963556
      64      49  963093
      63      50  961274
      62      51  956579
      61      52  949724
      60      53  941719
      59      54  931900
      58      55  920735
      72      42  938562
      71      43  946200
      70      44  956232
      69      45  960553
      68      46  967639
      67      47  968309
      66      48  972598
      65      49  970367
      64      50  971574
      63      51  964746
      62      52  961337
      61      53  951444
      60      54  944969
      59      55  931608
      58      56  922260
      73      42  941620
      72      43  951625
      71      44  960204
      70      45  967208
      69      46  972613
      68      47  976419
      67      48  978739
      66      49  979403
      65      50  979120
      64      51  975305
      63      52  969582
      62      53  963074
      61      54  954612
      60      55  944840
      59      56  933455
      73      43  955376
      72      44  966280
      71      45  971802
      70      46  980246
      69      47  982068
      68      48  987440
      67      49  986188
      66      50  988684
      65      51  983194
      64      52  980860
      63      53  972300
      62      54  967072
      61      55  955260
      60      56  947024
      74      43  960570
      73      44  969930
      72      45  978120
      71      46  984883
      70      47  989843
      69      48  993217
      68      49  994954
      67      50  995627
      66      51  993089
      65      52  988759
      64      53  983315
      63      54  976283
      62      55  967754
      61      56  957762
      60      57  946296
      75      43  963942
      74      44  975860
      73      45  982350
      72      46  991896
      71      47  995212
      70      48 1001571
      69      49 1001310
      68      50 1004954
      67      51 1000515
      66      52  999454
      65      53  991922
      64      54  988248
      63      55  977795
      62      56  971022
      61      57  957452
      75      44  979251
      74      45  988533
      73      46  996149
      72      47 1002278
      71      48 1006847
      70      49 1009857
      69      50 1011438
      68      51 1010065
      67      52 1006989
      66      53 1002788
      65      54  997034
      64      55  989762
      63      56  981262
      62      57  970802
      61      58  959140
      76      44  985080
      75      45  992640
      74      46 1002720
      73      47 1007436
      72      48 1014979
      71      49 1015956
      70      50 1020546
      69      51 1017083
      68      52 1017281
      67      53 1010884
      66      54 1008484
      65      55  999418
      64      56  993636
      63      57  981600
      62      58  972840
      76      45  998492
      75      46 1006841
      74      47 1014525
      73      48 1020139
      72      49 1024136
      71      50 1026716
      70      51 1026325
      69      52 1024499
      68      53 1021452
      67      54 1016855
      66      55 1010701
      65      56 1003562
      64      57  994378
      63      58  983972
      62      59  971993
      77      45 1002352
      76      46 1013454
      75      47 1019188
      74      48 1027874
      73      49 1029948
      72      50 1035529
      71      51 1033131
      70      52 1034333
      69      53 1029316
      68      54 1027809
      67      55 1019811
      66      56 1015499
      65      57 1004670
      64      58  997106
      63      59  983442
      77      46 1017456
      76      47 1025943
      75      48 1032536
      74      49 1037863
      73      50 1041475
      72      51 1042096
      71      52 1041262
      70      53 1039250
      69      54 1035774
      68      55 1030787
      67      56 1024616
      66      57 1016841
      65      58 1007616
      64      59  996915
      78      46 1023620
      77      47 1030564
      76      48 1040000
      75      49 1043386
      74      50 1049963
      73      51 1048564
      72      52 1050686
      71      53 1046744
      70      54 1046257
      69      55 1039545
      68      56 1036122
      67      57 1026509
      66      58 1020272
      65      59 1007872
      64      60  998448
      78      47 1037000
      77      48 1044725
      76      49 1051060
      75      50 1055696
      74      51 1057271
      73      52 1057255
      72      53 1056287
      71      54 1053860
      70      55 1049974
      69      56 1044771
      68      57 1038080
      67      58 1030250
      66      59 1020625
      65      60 1009625
      79      47 1041264
      78      48 1051760
      77      49 1056460
      76      50 1063889
      75      51 1063484
      74      52 1066368
      73      53 1063432
      72      54 1063907
      71      55 1058302
      70      56 1055845
      69      57 1047362
      68      58 1042431
      67      59 1031058
      66      60 1022994
      65      61 1008882
      80      47 1047242
      79      48 1056018
      78      49 1063701
      77      50 1069439
      76      51 1071857
      75      52 1072656
      74      53 1072576
      73      54 1071132
      72      55 1068268
      71      56 1064062
      70      57 1058360
      69      58 1051662
      68      59 1043305
      67      60 1033526
      66      61 1022350
      81      47 1051136
      80      48 1062861
      79      49 1069158
      78      50 1077345
      77      51 1077838
      76      52 1081439
      75      53 1079402
      74      54 1080742
      73      55 1076031
      72      56 1074719
      71      57 1067162
      70      58 1063287
      69      59 1053300
      68      60 1046400
      67      61 1033472
      66      62 1023616
      82      47 1056897
      81      48 1066830
      80      49 1075808
      79      50 1082676
      78      51 1085928
      77      52 1087521
      76      53 1088239
      75      54 1087651
      74      55 1085672
      73      56 1082453
      72      57 1077932
      71      58 1072111
      70      59 1064815
      69      60 1056510
      68      61 1046448
      67      62 1034967
      83      47 1058720
      82      48 1073293
      81      49 1080820
      80      50 1090293
      79      51 1091663
      78      52 1095941
      77      53 1094739
      76      54 1096906
      75      55 1093143
      74      56 1092721
      73      57 1086306
      72      58 1083319
      71      59 1074294
      70      60 1068926
      69      61 1057030
      68      62 1048320
      67      63 1033890
      83      48 1075117
      82      49 1087144
      81      50 1095540
      80      51 1099431
      79      52 1101870
      78      53 1103322
      77      54 1103511
      76      55 1102373
      75      56 1100215
      74      57 1096518
      73      58 1091682
      72      59 1085466
      71      60 1078171
      70      61 1069353
      69      62 1059004
      68      63 1047345
      84      48 1078572
      83      49 1089502
      82      50 1102851
      81      51 1105187
      80      52 1109914
      79      53 1109649
      78      54 1112448
      77      55 1109541
      76      56 1110037
      75      57 1104560
      74      58 1102512
      73      59 1094465
      72      60 1089899
      71      61 1079364
      70      62 1072104
      69      63 1058640
      84      49 1093127
      83      50 1105320
      82      51 1112528
      81      52 1115748
      80      53 1117908
      79      54 1118882
      78      55 1118527
      77      56 1117227
      76      57 1114386
      75      58 1110533
      74      59 1105265
      73      60 1098873
      72      61 1091172
      71      62 1082088
      70      63 1071448
      85      49 1095182
      84      50 1109239
      83      51 1115818
      82      52 1123435
      81      53 1124165
      80      54 1127434
      79      55 1125419
      78      56 1126695
      77      57 1122182
      76      58 1121016
      75      59 1113913
      74      60 1110262
      73      61 1100569
      72      62 1094512
      71      63 1082050
      70      64 1073072
      86      49 1098495
      85      50 1111320
      84      51 1119434
      83      52 1126778
      82      53 1131953
      81      54 1133798
      80      55 1134181
      79      56 1133667
      78      57 1131685
      77      58 1128877
      76      59 1124406
      75      60 1118900
      74      61 1111887
      73      62 1103976
      72      63 1094580
      71      64 1083780
      86      50 1115064
      85      51 1122680
      84      52 1131438
      83      53 1135736
      82      54 1141878
      81      55 1141009
      80      56 1142775
      79      57 1139136
      78      58 1138792
      77      59 1132868
      76      60 1129957
      75      61 1121170
      74      62 1116005
      73      63 1104728
      72      64 1096704
      71      65 1082832
      87      50 1116961
      86      51 1126140
      85      52 1134648
      84      53 1140809
      83      54 1145904
      82      55 1149287
      81      56 1149680
      80      57 1148278
      79      58 1146274
      78      59 1142790
      77      60 1138410
      76      61 1132120
      75      62 1125291
      74      63 1116550
      73      64 1106960
      72      65 1095863
      87      51 1129116
      86      52 1139052
      85      53 1144710
      84      54 1151748
      83      55 1153701
      82      56 1158292
      81      57 1155773
      80      58 1156034
      79      59 1150815
      78      60 1148919
      77      61 1141059
      76      62 1136834
      75      63 1126304
      74      64 1119594
      73      65 1106622
      72      66 1097100
      88      51 1132294
      87      52 1142024
      86      53 1149287
      85      54 1155310
      84      55 1159585
      83      56 1163015
      82      57 1164551
      81      58 1163490
      80      59 1160578
      79      60 1156964
      78      61 1151686
      77      62 1145788
      76      63 1138024
      75      64 1129375
      74      65 1119228
      73      66 1107969
      88      52 1146320
      87      53 1152760
      86      54 1160726
      85      55 1164006
      84      56 1169444
      83      57 1169712
      82      58 1172692
      81      59 1168521
      80      60 1167295
      79      61 1160468
      78      62 1156935
      77      63 1147678
      76      64 1141696
      75      65 1129660
      74      66 1121120
      73      67 1106840
      89      52 1148868
      88      53 1157046
      87      54 1164138
      86      55 1169503
      85      56 1173970
      84      57 1176400
      83      58 1178120
      82      59 1177918
      81      60 1175313
      80      61 1170856
      79      62 1165489
      78      63 1158694
      77      64 1151210
      76      65 1141748
      75      66 1131807
      74      67 1119963
      90      52 1152898
      89      53 1160424
      88      54 1169356
      87      55 1173613
      86      56 1180139
      85      57 1181568
      84      58 1185289
      83      59 1183761
      82      60 1185141
      81      61 1179561
      80      62 1176615
      79      63 1168159
      78      64 1163017
      77      65 1152330
      76      66 1144520
      75      67 1131172
      90      53 1164306
      89      54 1172457
      88      55 1178841
      87      56 1184323
      86      57 1187792
      85      58 1190434
      84      59 1191113
      83      60 1191265
      82      61 1189441
      81      62 1185216
      80      63 1179152
      79      64 1172357
      78      65 1163777
      77      66 1154868
      76      67 1144000
      75      68 1132417
      91      53 1167408
      90      54 1177344
      89      55 1182511
      88      56 1190228
      87      57 1192565
      86      58 1197330
      85      59 1196867
      84      60 1199082
      83      61 1195968
      82      62 1195736
      81      63 1188603
      80      64 1183959
      79      65 1173786
      78      66 1167219
      77      67 1155024
      76      68 1145952
      91      54 1180155
      90      55 1187369
      89      56 1193945
      88      57 1198730
      87      58 1202062
      86      59 1203815
      85      60 1204837
      84      61 1203892
      83      62 1202493
      82      63 1199052
      81      64 1193198
      80      65 1185375
      79      66 1176994
      78      67 1167105
      77      68 1156810
      76      69 1144195
      92      54 1184790
      91      55 1191010
      90      56 1199594
      89      57 1202938
      88      58 1208705
      87      59 1208968
      86      60 1212403
      85      61 1210149
      84      62 1210909
      83      63 1206246
      82      64 1204436
      81      65 1195331
      80      66 1189332
      79      67 1177490
      78      68 1169898
      77      69 1155736
      93      54 1187466
      92      55 1195478
      91      56 1203342
      90      57 1208737
      89      58 1213137
      88      59 1215780
      87      60 1217695
      86      61 1217808
      85      62 1217250
      84      63 1214746
      83      64 1211777
      82      65 1206383
      81      66 1199036
      80      67 1189903
      79      68 1180263
      78      69 1168797
      93      55 1198800
      92      56 1208760
      91      57 1213097
      90      58 1219570
      89      59 1220927
      88      60 1225028
      87      61 1223704
      86      62 1225392
      85      63 1221570
      84      64 1220761
      83      65 1214242
      82      66 1210779
      81      67 1200147
      80      68 1193028
      79      69 1179856
      78      70 1170088
      94      55 1203473
      93      56 1212264
      92      57 1218820
      91      58 1223946
      90      59 1227522
      89      60 1230066
      88      61 1230974
      87      62 1231263
      86      63 1229785
      85      64 1227690
      84      65 1223270
      83      66 1218707
      82      67 1211897
      81      68 1203168
      80      69 1192745
      79      70 1181421
      95      55 1206600
      94      56 1217550
      93      57 1223100
      92      58 1230150
      91      59 1232843
      90      60 1237446
      89      61 1236578
      88      62 1239249
      87      63 1236207
      86      64 1236396
      85      65 1230956
      84      66 1228380
      83      67 1220229
      82      68 1215332
      81      69 1203300
      80      70 1194600
      79      71 1180050
      96      55 1211020
      95      56 1220835
      94      57 1228536
      93      58 1234893
      92      59 1239381
      91      60 1242781
      90      61 1244441
      89      62 1244846
      88      63 1244140
      87      64 1242894
      86      65 1239545
      85      66 1235893
      84      67 1229984
      83      68 1223835
      82      69 1215568
      81      70 1205554
      80      71 1193353
      96      56 1225576
      95      57 1232264
      94      58 1240624
      93      59 1244485
      92      60 1250057
      91      61 1250379
      90      62 1253104
      89      63 1250447
      88      64 1251484
      87      65 1246712
      86      66 1245330
      85      67 1238031
      84      68 1234141
      83      69 1224634
      82      70 1218386
      81      71 1204752
      97      56 1228743
      96      57 1237311
      95      58 1244961
      94      59 1250377
      93      60 1255319
      92      61 1257873
      91      62 1258972
      90      63 1258997
      89      64 1257731
      88      65 1255379
      87      66 1252426
      86      67 1247513
      85      68 1242199
      84      69 1234946
      83      70 1227213
      82      71 1217773
      81      72 1205946
      97      57 1240778
      96      58 1250326
      95      59 1255023
      94      60 1261737
      93      61 1263758
      92      62 1266939
      91      63 1265439
      90      64 1266626
      89      65 1262292
      88      66 1261747
      87      67 1255209
      86      68 1252396
      85      69 1243430
      84      70 1238152
      83      71 1227072
      82      72 1219372
      98      57 1245270
      97      58 1254105
      96      59 1260615
      95      60 1266660
      94      61 1270304
      93      62 1272746
      92      63 1273591
      91      64 1273061
      90      65 1271456
      89      66 1268579
      88      67 1264676
      87      68 1260069
      86      69 1253708
      85      70 1246794
      84      71 1238061
      83      72 1228840
      82      73 1217680
      98      58 1259076
      97      59 1264848
      96      60 1272710
      95      61 1275623
      94      62 1279991
      93      63 1279930
      92      64 1281597
      91      65 1278370
      90      66 1278021
      89      67 1272063
      88      68 1270138
      87      69 1261984
      86      70 1257625
      85      71 1247329
      84      72 1240652
      83      73 1227876
      99      58 1262437
      98      59 1269973
      97      60 1277038
      96      61 1281842
      95      62 1285422
      94      63 1287376
      93      64 1287957
      92      65 1287115
      91      66 1284990
      90      67 1281608
      89      68 1277416
      88      69 1271925
      87      70 1265874
      86      71 1258134
      85      72 1249563
      84      73 1239719
      99      59 1273796
      98      60 1282802
      97      61 1286641
      96      62 1291982
      95      63 1293198
      94      64 1295895
      93      65 1293893
      92      66 1294045
      91      67 1289041
      90      68 1287373
      89      69 1279990
      88      70 1276518
      87      71 1266936
      86      72 1261044
      85      73 1249148
      84      74 1241090
     100      59 1278678
      99      60 1286628
      98      61 1292511
      97      62 1297043
      96      63 1300105
      95      64 1301838
      94      65 1302026
      93      66 1300878
      92      67 1298258
      91      68 1294707
      90      69 1289927
      89      70 1284418
      88      71 1277508
      87      72 1269865
      86      73 1260676
      85      74 1250694
     100      60 1291840
      99      61 1296800
      98      62 1303360
      97      63 1305440
      96      64 1309289
      95      65 1308401
      94      66 1309454
      93      67 1305381
      92      68 1304270
      91      69 1297731
      90      70 1294816
      89      71 1286128
      88      72 1281019
      87      73 1270176
      86      74 1262880
      85      75 1249440
     101      60 1295567
     100      61 1302168
      99      62 1307964
      98      63 1311989
      97      64 1314925
      96      65 1316098
      95      66 1315908
      94      67 1314268
      93      68 1311492
      92      69 1307399
      91      70 1302562
      90      71 1296498
      89      72 1289472
      88      73 1281077
      87      74 1272061
      86      75 1261677
     101      61 1306206
     100      62 1313820
      99      63 1316898
      98      64 1321770
      97      65 1322382
      96      66 1324105
      95      67 1321183
      94      68 1320696
      93      69 1315054
      92      70 1312621
      91      71 1304845
      90      72 1300398
      89      73 1290217
      88      74 1283662
      87      75 1271214
      86      76 1262628
     102      61 1311009
     101      62 1318018
     100      63 1322908
      99      64 1326983
      98      65 1329374
      97      66 1330376
      96      67 1329591
      95      68 1327599
      94      69 1324378
      93      70 1320165
      92      71 1314869
      91      72 1308582
      90      73 1301055
      89      74 1292639
      88      75 1282955
      87      76 1272215
     102      62 1323316
     101      63 1327580
     100      64 1333320
      99      65 1334927
      98      66 1338034
      97      67 1336266
      96      68 1336446
      95      69 1331603
      94      70 1329955
      93      71 1322791
      92      72 1319188
      91      73 1309868
      90      74 1304036
      89      75 1292648
      88      76 1284694
      87      77 1270672
     103      62 1327095
     102      63 1333035
     101      64 1338150
     100      65 1341615
      99      66 1343750
      98      67 1344255
      97      68 1343096
      96      69 1340721
      95      70 1337290
      94      71 1332664
      93      72 1327074
      92      73 1320512
      91      74 1312735
      90      75 1303748
      89      76 1293930
      88      77 1283205
     103      63 1337130
     102      64 1344102
     101      65 1346741
     100      66 1350794
      99      67 1350498
      98      68 1351571
      97      69 1347751
      96      70 1346663
      95      71 1340312
      94      72 1337369
      93      73 1328825
      92      74 1323837
      91      75 1313060
      90      76 1305819
      89      77 1292808
      88      78 1283678
     104      63 1342179
     103      64 1348525
     102      65 1352867
     101      66 1356207
     100      67 1357778
      99      68 1358007
      98      69 1356476
      97      70 1353740
      96      71 1349864
      95      72 1345048
      94      73 1339150
      93      74 1332106
      92      75 1324143
      91      76 1314958
      90      77 1304748
      89      78 1293415
     104      64 1354080
     103      65 1357608
     102      66 1362917
     101      67 1363631
     100      68 1365779
      99      69 1363317
      98      70 1362792
      97      71 1357499
      96      72 1355012
      95      73 1347264
      94      74 1342979
      93      75 1333100
      92      76 1326513
      91      77 1314432
      90      78 1305998
     105      64 1357915
     104      65 1363323
     103      66 1368021
     102      67 1370438
     101      68 1371782
     100      69 1371351
      99      70 1369659
      98      71 1366583
      97      72 1362441
      96      73 1357232
      95      74 1351077
      94      75 1343763
      93      76 1335316
      92      77 1325893
      91      78 1315327
      90      79 1304004
     105      65 1367650
     104      66 1374110
     103      67 1375951
     102      68 1379039
     101      69 1377943
     100      70 1378129
      99      71 1373887
      98      72 1372050
      97      73 1365151
      96      74 1361523
      95      75 1352365
      94      76 1346594
      93      77 1335180
      92      78 1327406
      91      79 1313930
     106      65 1372788
     105      66 1378602
     104      67 1382364
     103      68 1384721
     102      69 1385429
     101      70 1384743
     100      71 1382482
      99      72 1379298
      98      73 1374804
      97      74 1369389
      96      75 1362769
      95      76 1355030
      94      77 1346384
      93      78 1336639
      92      79 1325955
      91      80 1314135
     106      66 1384428
     105      67 1387180
     104      68 1391556
     103      69 1391664
     102      70 1392763
     101      71 1389461
     100      72 1388341
      99      73 1382484
      98      74 1379469
      97      75 1371115
      96      76 1366046
      95      77 1355532
      94      78 1348344
      93      79 1335752
      92      80 1326774
     107      66 1388498
     106      67 1392996
     105      68 1396802
     104      69 1398615
     103      70 1399130
     102      71 1397677
     101      72 1395421
     100      73 1391622
      99      74 1387171
      98      75 1381216
      97      76 1374317
      96      77 1366370
      95      78 1357254
      94      79 1347352
      93      80 1336252
     107      67 1397568
     106      68 1403136
     105      69 1404297
     104      70 1406594
     103      71 1404438
     102      72 1403927
     101      73 1399038
     100      74 1396743
      99      75 1389406
      98      76 1384948
      97      77 1375037
      96      78 1368705
      95      79 1356852
      94      80 1348469
     108      67 1402800
     107      68 1407875
     106      69 1410815
     105      70 1412417
     104      71 1412105
     103      72 1410635
     102      73 1407777
     101      74 1404219
     100      75 1399094
      99      76 1393126
      98      77 1385669
      97      78 1377147
      96      79 1368119
      95      80 1357878
     108      68 1413808
     107      69 1415938
     106      70 1419282
     105      71 1418393
     104      72 1418800
     103      73 1414806
     102      74 1413299
     101      75 1406939
     100      76 1403192
      99      77 1394172
      98      78 1388457
      97      79 1377200
      96      80 1369743
      95      81 1356608
     109      68 1418301
     108      69 1422195
     107      70 1424848
     106      71 1425466
     105      72 1425184
     104      73 1423235
     103      74 1420432
     102      75 1416216
     101      76 1411115
     100      77 1404430
      99      78 1396971
      98      79 1388369
      97      80 1378812
      96      81 1368582
     109      69 1426848
     108      70 1431629
     107      71 1431491
     106      72 1432810
     105      73 1430091
     104      74 1429217
     103      75 1423672
     102      76 1420782
     101      77 1412706
     100      78 1407670
      99      79 1397211
      98      80 1390424
      97      81 1378076
      96      82 1368975
     110      69 1432358
     109      70 1436475
     108      71 1438283
     107      72 1438909
     106      73 1438021
     105      74 1436176
     104      75 1432677
     103      76 1428327
     102      77 1422603
     101      78 1416006
     100      79 1407912
      99      80 1399100
      98      81 1389697
      97      82 1378658
     110      70 1442520
     109      71 1443978
     108      72 1446297
     107      73 1444662
     106      74 1444588
     105      75 1440000
     104      76 1437737
     103      77 1430573
     102      78 1426250
     101      79 1416629
     100      80 1410494
      99      81 1398780
      98      82 1390624
     111      70 1446914
     110      71 1450172
     109      72 1451991
     108      73 1452239
     107      74 1451269
     106      75 1448744
     105      76 1445003
     104      77 1440139
     103      78 1434260
     102      79 1426975
     101      80 1418982
     100      81 1410339
      99      82 1399908
     111      71 1455272
     110      72 1458710
     109      73 1458302
     108      74 1459334
     107      75 1455745
     106      76 1454131
     105      77 1447790
     104      78 1444126
     103      79 1435476
     102      80 1429969
     101      81 1418963
     100      82 1411654
     112      71 1461072
     111      72 1464007
     110      73 1465236
     109      74 1465524
     108      75 1464187
     107      76 1461255
     106      77 1457008
     105      78 1451801
     104      79 1445433
     103      80 1438263
     102      81 1430268
     101      82 1420468
     113      71 1465928
     112      72 1470294
     111      73 1470852
     110      74 1472936
     109      75 1470673
     108      76 1469920
     107      77 1464493
     106      78 1461431
     105      79 1453635
     104      80 1448884
     103      81 1438637
     102      82 1432015
     101      83 1419192
     113      72 1475190
     112      73 1477478
     111      74 1478690
     110      75 1478340
     109      76 1476545
     108      77 1473288
     107      78 1468854
     106      79 1463256
     105      80 1456783
     104      81 1449579
     103      82 1440582
     102      83 1430420
     114      72 1481304
     113      73 1482755
     112      74 1485881
     111      75 1484519
     110      76 1484806
     109      77 1480197
     108      78 1478107
     107      79 1471174
     106      80 1467216
     105      81 1458091
     104      82 1451793
     103      83 1439491
     115      72 1485902
     114      73 1489081
     113      74 1491347
     112      75 1491876
     111      76 1491096
     110      77 1488812
     109      78 1485027
     108      79 1480537
     107      80 1474867
     106      81 1468410
     105      82 1460163
     104      83 1450774
     116      72 1491968
     115      73 1494036
     114      74 1498181
     113      75 1497748
     112      76 1499086
     111      77 1495495
     110      78 1494207
     109      79 1487903
     108      80 1485021
     107      81 1476385
     106      82 1471070
     105      83 1459677
     104      84 1452229
     116      73 1500282
     115      74 1503060
     114      75 1504780
     113      76 1505006
     112      77 1503692
     111      78 1500940
     110      79 1497256
     109      80 1492522
     108      81 1486712
     107      82 1479205
     106      83 1470605
     105      84 1461178
     117      73 1505180
     116      74 1509949
     115      75 1510443
     114      76 1512798
     113      77 1510061
     112      78 1509850
     111      79 1504627
     110      80 1502334
     109      81 1494513
     108      82 1489815
     107      83 1479511
     106      84 1472396
     117      74 1514821
     116      75 1517294
     115      76 1518557
     114      77 1518087
     113      78 1516296
     112      79 1513625
     111      80 1509628
     110      81 1504532
     109      82 1497715
     108      83 1489926
     107      84 1480959
     118      74 1521408
     117      75 1522752
     116      76 1526115
     115      77 1524285
     114      78 1524963
     113      79 1520665
     112      80 1519117
     111      81 1512196
     110      82 1508097
     109      83 1498305
     108      84 1492047
     118      75 1529332
     117      76 1531698
     116      77 1532057
     115      78 1531218
     114      79 1529353
     113      80 1526227
     112      81 1521709
     111      82 1515807
     110      83 1508702
     109      84 1500407
     108      85 1491411
     119      75 1534734
     118      76 1538810
     117      77 1538124
     116      78 1539576
     115      79 1536292
     114      80 1535440
     113      81 1529302
     112      82 1525891
     111      83 1516890
     110      84 1511124
     109      85 1500532
     119      76 1544147
     118      77 1545356
     117      78 1545681
     116      79 1544671
     115      80 1542319
     114      81 1538692
     113      82 1533468
     112      83 1526996
     111      84 1519265
     110      85 1510883
     109      86 1501560
     120      76 1550801
     119      77 1551175
     118      78 1553603
     117      79 1551313
     116      80 1551217
     115      81 1546105
     114      82 1543186
     113      83 1535052
     112      84 1529735
     111      85 1519412
     110      86 1512726
     120      77 1558077
     119      78 1559449
     118      79 1559385
     117      80 1558003
     116      81 1555021
     115      82 1550646
     114      83 1544803
     113      84 1537689
     112      85 1529894
     111      86 1521293
     121      77 1563606
     120      78 1567005
     119      79 1565897
     118      80 1566487
     117      81 1562240
     116      82 1560018
     115      83 1552556
     114      84 1547877
     113      85 1538294
     112      86 1532071
     122      77 1570353
     121      78 1572561
     120      79 1573482
     119      80 1573152
     118      81 1570882
     117      82 1567268
     116      83 1562056
     115      84 1555690
     114      85 1548513
     113      86 1540419
     112      87 1531367
     122      78 1579844
     121      79 1579726
     120      80 1581180
     119      81 1577941
     118      82 1576354
     117      83 1569698
     116      84 1565500
     115      85 1556752
     114      86 1550988
     113      87 1540080
     123      78 1585052
     122      79 1586930
     121      80 1587410
     120      81 1586147
     119      82 1583440
     118      83 1578817
     117      84 1573143
     116      85 1566624
     115      86 1559117
     114      87 1550675
     124      78 1591962
     123      79 1592992
     122      80 1595164
     121      81 1593018
     120      82 1592188
     119      83 1586205
     118      84 1582613
     117      85 1574497
     116      86 1569399
     115      87 1559200
     114      88 1552350
     124      79 1599815
     123      80 1601159
     122      81 1600869
     121      82 1599112
     120      83 1595083
     119      84 1590067
     118      85 1584141
     117      86 1577357
     116      87 1569551
     115      88 1560989
     125      79 1605480
     124      80 1608651
     123      81 1607524
     122      82 1607506
     121      83 1602281
     120      84 1599164
     119      85 1591924
     118      86 1587251
     117      87 1577877
     116      88 1571649
     126      79 1611505
     125      80 1614320
     124      81 1615071
     123      82 1614238
     122      83 1610747
     121      84 1606413
     120      85 1601093
     119      86 1595052
     118      87 1587866
     117      88 1579935
     126      80 1621049
     125      81 1621574
     124      82 1622324
     123      83 1617784
     122      84 1615155
     121      85 1608611
     120      86 1604526
     119      87 1595870
     118      88 1590279
     117      89 1579546
     127      80 1624391
     126      81 1628426
     125      82 1629062
     124      83 1625882
     123      84 1622191
     122      85 1617506
     121      86 1612112
     120      87 1605540
     119      88 1598377
     118      89 1590002
     128      80 1629264
     127      81 1632213
     126      82 1636430
     125      83 1632769
     124      84 1630586
     123      85 1624825
     122      86 1621200
     121      87 1613435
     120      88 1608273
     119      89 1598445
     129      80 1632708
     128      81 1637172
     127      82 1640367
     126      83 1640229
     125      84 1637554
     124      85 1633285
     123      86 1628553
     122      87 1622611
     121      88 1616203
     120      89 1608433
     119      90 1600000
     130      80 1637580
     129      81 1640852
     128      82 1645552
     127      83 1644834
     126      84 1645212
     125      85 1640449
     124      86 1637292
     123      87 1630259
     122      88 1625669
     121      89 1616559
     120      90 1610524
     130      81 1645800
     129      82 1649387
     128      83 1649971
     127      84 1649763
     126      85 1648196
     125      86 1644521
     124      87 1639141
     123      88 1633366
     122      89 1626219
     121      90 1618729
     131      81 1649360
     130      82 1654514
     129      83 1654302
     128      84 1655772
     127      85 1653242
     126      86 1652497
     125      87 1646593
     124      88 1642464
     123      89 1634202
     122      90 1628618
     121      91 1618302
     131      82 1658222
     130      83 1659486
     129      84 1660127
     128      85 1659271
     127      86 1657607
     126      87 1654676
     125      88 1649985
     124      89 1643406
     123      90 1636671
     122      91 1628342
     132      82 1663291
     131      83 1663527
     130      84 1666015
     129      85 1664142
     128      86 1664299
     127      87 1660156
     126      88 1658314
     125      89 1651205
     124      90 1646139
     123      91 1636586
     133      82 1666680
     132      83 1668750
     131      84 1670156
     130      85 1670090
     129      86 1669219
     128      87 1666951
     127      88 1663954
     126      89 1659693
     125      90 1653995
     124      91 1646277
     133      83 1672596
     132      84 1675904
     131      85 1674648
     130      86 1675866
     129      87 1672361
     128      88 1671268
     127      89 1665654
     126      90 1662688
     125      91 1654409
     134      83 1677627
     133      84 1679858
     132      85 1680581
     131      86 1680535
     130      87 1679096
     129      88 1676742
     128      89 1673139
     127      90 1668849
     126      91 1663214
     125      92 1656795
     135      83 1681216
     134      84 1685472
     133      85 1684948
     132      86 1687048
     131      87 1684424
     130      88 1684050
     129      89 1679075
     128      90 1676762
     127      91 1669684
     126      92 1665649
     135      84 1689147
     134      85 1690722
     133      86 1691506
     132      87 1690936
     131      88 1689377
     130      89 1686420
     129      90 1682735
     128      91 1677904
     127      92 1672431
     136      84 1694440
     135      85 1694838
     134      86 1697795
     133      87 1696143
     132      88 1696570
     131      89 1692308
     130      90 1690610
     129      91 1684120
     128      92 1680580
     136      85 1700374
     135      86 1702007
     134      87 1702419
     133      88 1701951
     132      89 1699609
     131      90 1696411
     130      91 1692188
     129      92 1687114
     137      85 1704516
     136      86 1708177
     135      87 1707420
     134      88 1708665
     133      89 1705582
     132      90 1704219
     131      91 1698522
     130      92 1695636
     138      85 1709964
     137      86 1712417
     136      87 1713456
     135      88 1713823
     134      89 1712448
     133      90 1710107
     132      91 1706396
     131      92 1702092
     138      86 1718304
     137      87 1718255
     136      88 1720301
     135      89 1718111
     134      90 1717567
     133      91 1712912
     132      92 1710285
     139      86 1722375
     138      87 1724168
     137      88 1725206
     136      89 1724779
     135      90 1723325
     134      91 1720508
     133      92 1716694
     132      93 1711688
     140      86 1727996
     139      87 1728674
     138      88 1731602
     137      89 1730179
     136      90 1730509
     135      91 1726891
     134      92 1724814
     133      93 1718730
     141      86 1732010
     140      87 1734462
     139      88 1736163
     138      89 1736709
     137      90 1735972
     136      91 1734164
     135      92 1731191
     134      93 1726880
     142      86 1737588
     141      87 1738956
     140      88 1742472
     139      89 1741736
     138      90 1743077
     137      91 1740143
     136      92 1739059
     135      93 1733712
     134      94 1730632
     142      87 1744451
     141      88 1746922
     140      89 1747950
     139      90 1748334
     138      91 1747240
     137      92 1745145
     136      93 1741797
     135      94 1737391
     143      87 1748690
     142      88 1753039
     141      89 1752968
     140      90 1755128
     139      91 1753035
     138      92 1752812
     137      93 1748409
     136      94 1745928
     144      87 1753983
     143      88 1757217
     142      89 1758926
     141      90 1760246
     140      91 1759855
     139      92 1758691
     138      93 1756092
     137      94 1752648
     136      95 1747746
     145      87 1758096
     144      88 1762968
     143      89 1763780
     142      90 1766686
     141      91 1765404
     140      92 1765959
     139      93 1762504
     138      94 1760639
     137      95 1754848
     145      88 1767072
     144      89 1769402
     143      90 1771472
     142      91 1771933
     141      92 1771721
     140      93 1769910
     139      94 1767025
     138      95 1763111
     137      96 1758218
     146      88 1772550
     145      89 1773954
     144      90 1777663
     143      91 1777153
     142      92 1778566
     141      93 1775973
     140      94 1774798
     139      95 1769742
     138      96 1766859
     146      89 1779420
     145      90 1782092
     144      91 1783236
     143      92 1783863
     142      93 1782957
     141      94 1781034
     140      95 1777775
     139      96 1773780
     138      97 1768140
     147      89 1783688
     146      90 1787936
     145      91 1788290
     144      92 1790409
     143      93 1788694
     142      94 1788387
     141      95 1784396
     140      96 1781800
     139      97 1775428
     147      90 1792194
     146      91 1794066
     145      92 1795534
     144      93 1795271
     143      94 1794268
     142      95 1791957
     141      96 1788402
     140      97 1783899
     139      98 1778448
     148      90 1797852
     147      91 1799011
     146      92 1801689
     145      93 1800759
     144      94 1801268
     143      95 1798228
     142      96 1796472
     141      97 1790712
     140      98 1787142
     148      91 1804450
     147      92 1806495
     146      93 1806974
     145      94 1806914
     144      95 1805330
     143      96 1802777
     142      97 1798953
     141      98 1794173
     149      91 1809120
     148      92 1812425
     147      93 1812043
     146      94 1813449
     145      95 1811282
     144      96 1810285
     143      97 1805520
     142      98 1802400
     141      99 1795440
     149      92 1816899
     148      93 1818167
     147      94 1818690
     146      95 1817929
     145      96 1816379
     144      97 1813284
     143      98 1809187
     142      99 1803885
     150      92 1822744
     149      93 1823083
     148      94 1825000
     147      95 1823466
     146      96 1823348
     145      97 1819598
     144      98 1817251
     143      99 1810886
     142     100 1806530
     150      93 1828575
     149      94 1830034
     148      95 1829831
     147      96 1829041
     146      97 1826751
     145      98 1823715
     144      99 1819098
     143     100 1813752
     151      93 1833416
     150      94 1836055
     149      95 1835197
     148      96 1835842
     147      97 1832799
     146      98 1831252
     145      99 1825852
     144     100 1822192
     151      94 1840827
     150      95 1841250
     149      96 1841363
     148      97 1839770
     147      98 1837416
     146      99 1833580
     145     100 1828925
     144     101 1823045
     152      94 1846609
     151      95 1846228
     150      96 1847820
     149      97 1845689
     148      98 1844782
     147      99 1840080
     146     100 1837170
     145     101 1830240
     153      94 1851018
     152      95 1852253
     151      96 1852976
     150      97 1852237
     149      98 1850808
     148      99 1847560
     147     100 1843855
     146     101 1838668
     153      95 1856776
     152      96 1859189
     151      97 1857768
     150      98 1857777
     149      99 1854048
     148     100 1851546
     147     101 1845616
     146     102 1841152
     154      95 1862271
     153      96 1863902
     152      97 1864021
     151      98 1863362
     150      99 1861026
     149     100 1857789
     148     101 1853307
     147     102 1848078
     154      96 1869735
     153      97 1868990
     152      98 1869988
     151      99 1867250
     150     100 1865520
     149     101 1860250
     148     102 1856500
     155      96 1874147
     154      97 1874784
     153      98 1875096
     152      99 1873936
     151     100 1871679
     150     101 1867942
     149     102 1863173
     148     103 1857400
     156      96 1879920
     155      97 1879668
     154      98 1881268
     153      99 1879224
     152     100 1878920
     151     101 1874376
     150     102 1871292
     149     103 1864548
     156      97 1885103
     155      98 1886072
     154      99 1885577
     153     100 1884459
     152     101 1881814
     151     102 1877766
     150     103 1872706
     149     104 1866887
     157      97 1889760
     156      98 1892104
     155      99 1890670
     154     100 1890976
     153     101 1887474
     152     102 1885592
     151     103 1879600
     150     104 1875536
     157      98 1896690
     156      99 1896644
     155     100 1896152
     154     101 1894326
     153     102 1891534
     152     103 1887510
     151     104 1882410
     150     105 1876035
     158      98 1902592
     157      99 1901568
     156     100 1902536
     155     101 1899625
     154     102 1898634
     153     103 1893888
     152     104 1890657
     151     105 1883392
     158      99 1907454
     157     100 1907504
     156     101 1906315
     155     102 1904288
     154     103 1901029
     153     104 1896917
     152     105 1891777
     159      99 1912296
     158     100 1913844
     157     101 1911695
     156     102 1911006
     155     103 1906878
     154     104 1904556
     153     105 1898622
     152     106 1893978
     159     100 1918413
     158     101 1917895
     157     102 1916600
     156     103 1914010
     155     104 1910643
     154     105 1906240
     153     106 1900801
     160     100 1924780
     159     101 1922960
     158     102 1923220
     157     103 1919580
     156     104 1918020
     155     105 1912820
     154     106 1909029
     153     107 1901120
     160     101 1929051
     159     102 1928268
     158     103 1926441
     157     104 1923935
     156     105 1920177
     155     106 1915479
     154     107 1909476
     161     101 1934346
     160     102 1934870
     159     103 1931988
     158     104 1930940
     157     105 1926224
     156     106 1923342
     155     107 1916530
     161     102 1939888
     160     103 1938573
     159     104 1936469
     158     105 1933576
     157     106 1929631
     156     107 1924371
     155     108 1918585
     162     102 1946472
     161     103 1944096
     160     104 1943304
     159     105 1939344
     158     106 1937232
     157     107 1931160
     156     108 1926735
     162     103 1950400
     161     104 1948810
     160     105 1946160
     159     106 1943152
     158     107 1938740
     157     108 1933175
     156     109 1926815
     163     103 1955366
     162     104 1955632
     161     105 1952174
     160     106 1950312
     159     107 1944992
     158     108 1941268
     157     109 1933820
     163     104 1960581
     162     105 1958979
     161     106 1956309
     160     107 1952304
     159     108 1947765
     158     109 1941891
     157     110 1934415
     164     104 1966584
     163     105 1964172
     162     106 1963100
     161     107 1958544
     160     108 1955596
     159     109 1948628
     158     110 1943000
     164     105 1970425
     163     106 1968273
     162     107 1965852
     161     108 1961817
     160     109 1956437
     159     110 1949981
     165     105 1975320
     164     106 1975050
     163     107 1971000
     162     108 1969380
     161     109 1962900
     160     110 1958310
     165     106 1980197
     164     107 1977758
     163     108 1974506
     162     109 1970712
     161     110 1965292
     166     106 1986688
     165     107 1983152
     164     108 1981248
     163     109 1976352
     162     110 1973088
     161     111 1965472
     167     106 1991808
     166     107 1989624
     165     108 1986621
     164     109 1983072
     163     110 1978704
     162     111 1973517
     167     107 1995268
     166     108 1993624
     165     109 1988966
     164     110 1986226
     163     111 1979650
     168     107 2001450
     167     108 1999250
     166     109 1995950
     165     110 1991825
     164     111 1987425
     168     108 2005968
     167     109 2001552
     166     110 1999068
     165     111 1993272
     169     108 2011574
     168     109 2008527
     167     110 2004649
     166     111 2000217
     165     112 1995508
     169     109 2014388
     168     110 2011886
     167     111 2006326
     166     112 2003268
     170     109 2021076
     169     110 2017728
     168     111 2013822
     167     112 2009079
     170     110 2024960
     169     111 2019920
     168     112 2016840
     171     110 2031068
     170     111 2027134
     169     112 2022638
     171     111 2033220
     170     112 2030400
     172     111 2040430
     171     112 2036468
     170     113 2031374
     172     112 2043948
     171     113 2037984
     173     112 2050575
     172     113 2045445
     171     114 2040030
     173     113 2051764
     172     114 2048046
     174     113 2059512
     173     114 2054346
     172     115 2048319
     174     114 2062368
     173     115 2055168
     175     114 2068951
     174     115 2063171
     173     116 2056524
     175     115 2069730
     174     116 2064800
     176     115 2077740
     175     116 2071629
     174     117 2064936
     176     116 2079916
     175     117 2072032
     175     118 2072682
